0 1 74.283
0 2 39.101
0 3 28.085
0 4 20.454
0 5 18.058
0 6 15.614
0 7 14.137
0 8 12.885
0 9 11.535
0 10 10.526
0 11 9.594
0 12 8.782
0 13 7.973
0 14 7.301
0 15 6.966
0 16 6.609
0 17 6.106
0 18 5.802
0 19 5.513
0 20 5.19
0 21 4.945
0 22 4.826
0 23 4.636
0 24 4.649
0 25 4.437
0 26 4.174
0 27 3.94
0 28 3.795
0 29 3.628
0 30 3.511
0 31 3.393
0 32 3.199
0 33 3.061
1 0 74.283
1 2 76.268
1 3 44.69
1 4 28.074
1 5 23.755
1 6 19.745
1 7 17.451
1 8 15.586
1 9 13.653
1 10 12.26
1 11 11.012
1 12 9.953
1 13 8.929
1 14 8.092
1 15 7.682
1 16 7.249
1 17 6.646
1 18 6.286
1 19 5.949
1 20 5.574
1 21 5.292
1 22 5.154
1 23 4.936
1 24 4.953
1 25 4.713
1 26 4.417
1 27 4.156
1 28 3.995
1 29 3.81
1 30 3.68
1 31 3.551
1 32 3.339
1 33 3.189
2 0 39.101
2 1 76.268
2 3 93.104
2 4 42.074
2 5 33.095
2 6 25.481
2 7 21.654
2 8 18.77
2 9 15.972
2 10 14.061
2 11 12.42
2 12 11.072
2 13 9.835
2 14 8.82
2 15 8.33
2 16 7.811
2 17 7.105
2 18 6.693
2 19 6.31
2 20 5.888
2 21 5.573
2 22 5.412
2 23 5.165
2 24 5.198
2 25 4.932
2 26 4.611
2 27 4.324
2 28 4.149
2 29 3.95
2 30 3.808
2 31 3.67
2 32 3.444
2 33 3.286
3 0 28.085
3 1 44.69
3 2 93.104
3 4 75.227
3 5 50.551
3 6 34.948
3 7 28.173
3 8 23.493
3 9 19.274
3 10 16.56
3 11 14.329
3 12 12.565
3 13 10.996
3 14 9.742
3 15 9.147
3 16 8.525
3 17 7.69
3 18 7.21
3 19 6.767
3 20 6.284
3 21 5.926
3 22 5.743
3 23 5.465
3 24 5.504
3 25 5.206
3 26 4.85
3 27 4.533
3 28 4.342
3 29 4.124
3 30 3.97
3 31 3.82
3 32 3.576
3 33 3.406
4 0 20.454
4 1 28.074
4 2 42.074
4 3 75.227
4 5 153.876
4 6 64.297
4 7 44.275
4 8 33.584
4 9 25.504
4 10 20.927
4 11 17.47
4 12 14.906
4 13 12.773
4 14 11.105
4 15 10.337
4 16 9.539
4 17 8.498
4 18 7.915
4 19 7.383
4 20 6.812
4 21 6.393
4 22 6.174
4 23 5.847
4 24 5.903
4 25 5.562
4 26 5.158
4 27 4.8
4 28 4.585
4 29 4.343
4 30 4.171
4 31 4.006
4 32 3.739
4 33 3.554
5 0 18.058
5 1 23.755
5 2 33.095
5 3 50.551
5 4 153.876
5 6 106.53
5 7 60.666
5 8 42.172
5 9 30.141
5 10 23.94
5 11 19.518
5 12 16.369
5 13 13.855
5 14 11.911
5 15 11.03
5 16 10.121
5 17 8.953
5 18 8.307
5 19 7.723
5 20 7.1
5 21 6.646
5 22 6.406
5 23 6.052
5 24 6.119
5 25 5.752
5 26 5.323
5 27 4.941
5 28 4.714
5 29 4.459
5 30 4.276
5 31 4.103
5 32 3.823
5 33 3.632
6 0 15.614
6 1 19.745
6 2 25.481
6 3 34.948
6 4 64.297
6 5 106.53
6 7 140.709
6 8 69.758
6 9 42.015
6 10 30.871
6 11 23.89
6 12 19.337
6 13 15.919
6 14 13.406
6 15 12.301
6 16 11.182
6 17 9.773
6 18 9.009
6 19 8.326
6 20 7.607
6 21 7.088
6 22 6.815
6 23 6.415
6 24 6.491
6 25 6.08
6 26 5.603
6 27 5.181
6 28 4.932
6 29 4.653
6 30 4.455
6 31 4.267
6 32 3.966
6 33 3.76
7 0 14.137
7 1 17.451
7 2 21.654
7 3 28.173
7 4 44.275
7 5 60.666
7 6 140.709
7 8 138.15
7 9 59.865
7 10 39.531
7 11 28.767
7 12 22.413
7 13 17.943
7 14 14.814
7 15 13.476
7 16 12.145
7 17 10.501
7 18 9.625
7 19 8.849
7 20 8.041
7 21 7.464
7 22 7.161
7 23 6.72
7 24 6.805
7 25 6.354
7 26 5.835
7 27 5.378
7 28 5.111
7 29 4.812
7 30 4.6
7 31 4.401
7 32 4.08
7 33 3.863
8 0 12.885
8 1 15.586
8 2 18.77
8 3 23.493
8 4 33.584
8 5 42.172
8 6 69.758
8 7 138.15
8 9 105.534
8 10 55.346
8 11 36.319
8 12 26.746
8 13 20.608
8 14 16.587
8 15 14.928
8 16 13.314
8 17 11.364
8 18 10.344
8 19 9.454
8 20 8.537
8 21 7.889
8 22 7.552
8 23 7.062
8 24 7.157
8 25 6.66
8 26 6.091
8 27 5.596
8 28 5.307
8 29 4.986
8 30 4.758
8 31 4.545
8 32 4.204
8 33 3.974
9 0 11.535
9 1 13.653
9 2 15.972
9 3 19.274
9 4 25.504
9 5 30.141
9 6 42.015
9 7 59.865
9 8 105.534
9 10 116.245
9 11 55.346
9 12 35.813
9 13 25.575
9 14 19.665
9 15 17.378
9 16 15.233
9 17 12.734
9 18 11.467
9 19 10.383
9 20 9.287
9 21 8.526
9 22 8.133
9 23 7.567
9 24 7.677
9 25 7.108
9 26 6.464
9 27 5.909
9 28 5.588
9 29 5.232
9 30 4.982
9 31 4.749
9 32 4.379
9 33 4.129
10 0 10.526
10 1 12.26
10 2 14.061
10 3 16.56
10 4 20.927
10 5 23.94
10 6 30.871
10 7 39.531
10 8 55.346
10 9 116.245
10 11 105.532
10 12 51.731
10 13 32.716
10 14 23.645
10 15 20.417
10 16 17.525
10 17 14.298
10 18 12.72
10 19 11.401
10 20 10.093
10 21 9.2
10 22 8.743
10 23 8.091
10 24 8.219
10 25 7.571
10 26 6.844
10 27 6.225
10 28 5.869
10 29 5.479
10 30 5.205
10 31 4.952
10 32 4.55
10 33 4.281
11 0 9.594
11 1 11.012
11 2 12.42
11 3 14.329
11 4 17.47
11 5 19.518
11 6 23.89
11 7 28.767
11 8 36.319
11 9 55.346
11 10 105.532
11 12 101.369
11 13 47.158
11 14 30.418
11 15 25.287
11 16 21.008
11 17 16.536
11 18 14.462
11 19 12.78
11 20 11.159
11 21 10.077
11 22 9.531
11 23 8.759
11 24 8.912
11 25 8.155
11 26 7.318
11 27 6.615
11 28 6.215
11 29 5.778
11 30 5.475
11 31 5.195
11 32 4.754
11 33 4.462
12 0 8.782
12 1 9.953
12 2 11.072
12 3 12.565
12 4 14.906
12 5 16.369
12 6 19.337
12 7 22.413
12 8 26.746
12 9 35.813
12 10 51.731
12 11 101.369
12 13 85.807
12 14 43.254
12 15 33.607
12 16 26.485
12 17 19.755
12 18 16.865
12 19 14.621
12 20 12.538
12 21 11.188
12 22 10.517
12 23 9.581
12 24 9.77
12 25 8.868
12 26 7.887
12 27 7.076
12 28 6.62
12 29 6.127
12 30 5.787
12 31 5.475
12 32 4.988
12 33 4.667
13 0 7.973
13 1 8.929
13 2 9.835
13 3 10.996
13 4 12.773
13 5 13.855
13 6 15.919
13 7 17.943
13 8 20.608
13 9 25.575
13 10 32.716
13 11 47.158
13 12 85.807
13 14 84.726
13 15 54.022
13 16 37.327
13 17 25.107
13 18 20.63
13 19 17.376
13 20 14.515
13 21 12.739
13 22 11.839
13 23 10.64
13 24 10.934
13 25 9.814
13 26 8.634
13 27 7.666
13 28 7.134
13 29 6.566
13 30 6.173
13 31 5.82
13 32 5.274
13 33 4.919
14 0 7.301
14 1 8.092
14 2 8.82
14 3 9.742
14 4 11.105
14 5 11.911
14 6 13.406
14 7 14.814
14 8 16.587
14 9 19.665
14 10 23.645
14 11 30.418
14 12 43.254
14 13 84.726
14 15 148.853
14 16 66.416
14 17 35.556
14 18 27.221
14 19 21.835
14 20 17.505
14 21 14.987
14 22 13.743
14 23 12.141
14 24 12.551
14 25 11.097
14 26 9.613
14 27 8.427
14 28 7.789
14 29 7.116
14 30 6.656
14 31 6.249
14 32 5.624
14 33 5.221
15 0 6.966
15 1 7.682
15 2 8.33
15 3 9.147
15 4 10.337
15 5 11.03
15 6 12.301
15 7 13.476
15 8 14.928
15 9 17.378
15 10 20.417
15 11 25.287
15 12 33.607
15 13 54.022
15 14 148.853
15 16 118.251
15 17 46.489
15 18 33.244
15 19 25.561
15 20 19.825
15 21 16.658
15 22 15.124
15 23 13.195
15 24 13.702
15 25 11.987
15 26 10.275
15 27 8.931
15 28 8.218
15 29 7.473
15 30 6.967
15 31 6.521
15 32 5.844
15 33 5.411
16 0 6.609
16 1 7.249
16 2 7.811
16 3 8.525
16 4 9.539
16 5 10.121
16 6 11.182
16 7 12.145
16 8 13.314
16 9 15.233
16 10 17.525
16 11 21.008
16 12 26.485
16 13 37.327
16 14 66.416
16 15 118.251
16 17 76.45
16 18 46.094
16 19 32.499
16 20 23.744
16 21 19.333
16 22 17.326
16 23 14.849
16 24 15.459
16 25 13.311
16 26 11.225
16 27 9.645
16 28 8.818
16 29 7.965
16 30 7.395
16 31 6.895
16 32 6.141
16 33 5.663
17 0 6.106
17 1 6.646
17 2 7.105
17 3 7.69
17 4 8.498
17 5 8.953
17 6 9.773
17 7 10.501
17 8 11.364
17 9 12.734
17 10 14.298
17 11 16.536
17 12 19.755
17 13 25.107
17 14 35.556
17 15 46.489
17 16 76.45
17 18 115.147
17 19 56.225
17 20 34.304
17 21 25.794
17 22 22.396
17 23 18.42
17 24 19.327
17 25 16.087
17 26 13.125
17 27 11.023
17 28 9.955
17 29 8.881
17 30 8.182
17 31 7.573
17 32 6.672
17 33 6.11
18 0 5.802
18 1 6.286
18 2 6.693
18 3 7.21
18 4 7.915
18 5 8.307
18 6 9.009
18 7 9.625
18 8 10.344
18 9 11.467
18 10 12.72
18 11 14.462
18 12 16.865
18 13 20.63
18 14 27.221
18 15 33.244
18 16 46.094
18 17 115.147
18 19 109.756
18 20 48.836
18 21 33.229
18 22 27.736
18 23 21.826
18 24 23.22
18 25 18.696
18 26 14.81
18 27 12.189
18 28 10.896
18 29 9.623
18 30 8.806
18 31 8.105
18 32 7.082
18 33 6.452
19 0 5.513
19 1 5.949
19 2 6.31
19 3 6.767
19 4 7.383
19 5 7.723
19 6 8.326
19 7 8.849
19 8 9.454
19 9 10.383
19 10 11.401
19 11 12.78
19 12 14.621
19 13 17.376
19 14 21.835
19 15 25.561
19 16 32.499
19 17 56.225
19 18 109.756
19 20 87.907
19 21 47.635
19 22 36.921
19 23 27.007
19 24 29.442
19 25 22.529
19 26 17.116
19 27 13.709
19 28 12.095
19 29 10.546
19 30 9.572
19 31 8.75
19 32 7.57
19 33 6.854
20 0 5.19
20 1 5.574
20 2 5.888
20 3 6.284
20 4 6.812
20 5 7.1
20 6 7.607
20 7 8.041
20 8 8.537
20 9 9.287
20 10 10.093
20 11 11.159
20 12 12.538
20 13 14.515
20 14 17.505
20 15 19.825
20 16 23.744
20 17 34.304
20 18 48.836
20 19 87.907
20 21 103.871
20 22 62.055
20 23 37.919
20 24 44.249
20 25 30.281
20 26 21.247
20 27 16.239
20 28 14.023
20 29 11.982
20 30 10.739
20 31 9.715
20 32 8.282
20 33 7.433
21 0 4.945
21 1 5.292
21 2 5.573
21 3 5.926
21 4 6.393
21 5 6.646
21 6 7.088
21 7 7.464
21 8 7.889
21 9 8.526
21 10 9.2
21 11 10.077
21 12 11.188
21 13 12.739
21 14 14.987
21 15 16.658
21 16 19.333
21 17 25.794
21 18 33.229
21 19 47.635
21 20 103.871
21 22 128.739
21 23 55.438
21 24 77.029
21 25 42.716
21 26 26.696
21 27 19.243
21 28 16.208
21 29 13.543
21 30 11.974
21 31 10.715
21 32 8.999
21 33 8.005
22 0 4.826
22 1 5.154
22 2 5.412
22 3 5.743
22 4 6.174
22 5 6.406
22 6 6.815
22 7 7.161
22 8 7.552
22 9 8.133
22 10 8.743
22 11 9.531
22 12 10.517
22 13 11.839
22 14 13.743
22 15 15.124
22 16 17.326
22 17 22.396
22 18 27.736
22 19 36.921
22 20 62.055
22 21 128.739
22 23 96.19
22 24 108.674
22 25 54.194
22 26 30.582
22 27 21.467
22 28 17.766
22 29 14.616
22 30 12.851
22 31 11.405
22 32 9.473
22 33 8.364
23 0 4.636
23 1 4.936
23 2 5.165
23 3 5.465
23 4 5.847
23 5 6.052
23 6 6.415
23 7 6.72
23 8 7.062
23 9 7.567
23 10 8.091
23 11 8.759
23 12 9.581
23 13 10.64
23 14 12.141
23 15 13.195
23 16 14.849
23 17 18.42
23 18 21.826
23 19 27.007
23 20 37.919
23 21 55.438
23 22 96.19
23 24 91.606
23 25 74.158
23 26 38.05
23 27 25.834
23 28 20.745
23 29 16.614
23 30 14.457
23 31 12.648
23 32 10.311
23 33 8.995
24 0 4.649
24 1 4.953
24 2 5.198
24 3 5.504
24 4 5.903
24 5 6.119
24 6 6.491
24 7 6.805
24 8 7.157
24 9 7.677
24 10 8.219
24 11 8.912
24 12 9.77
24 13 10.934
24 14 12.551
24 15 13.702
24 16 15.459
24 17 19.327
24 18 23.22
24 19 29.442
24 20 44.249
24 21 77.029
24 22 108.674
24 23 91.606
24 25 95.665
24 26 40.794
24 27 25.641
24 28 20.522
24 29 16.429
24 30 14.17
24 31 12.443
24 32 10.188
24 33 8.933
25 0 4.437
25 1 4.713
25 2 4.932
25 3 5.206
25 4 5.562
25 5 5.752
25 6 6.08
25 7 6.354
25 8 6.66
25 9 7.108
25 10 7.571
25 11 8.155
25 12 8.868
25 13 9.814
25 14 11.097
25 15 11.987
25 16 13.311
25 17 16.087
25 18 18.696
25 19 22.529
25 20 30.281
25 21 42.716
25 22 54.194
25 23 74.158
25 24 95.665
25 26 70.053
25 27 35.006
25 28 26.11
25 29 19.824
25 30 16.631
25 31 14.3
25 32 11.399
25 33 9.848
26 0 4.174
26 1 4.417
26 2 4.611
26 3 4.85
26 4 5.158
26 5 5.323
26 6 5.603
26 7 5.835
26 8 6.091
26 9 6.464
26 10 6.844
26 11 7.318
26 12 7.887
26 13 8.634
26 14 9.613
26 15 10.275
26 16 11.225
26 17 13.125
26 18 14.81
26 19 17.116
26 20 21.247
26 21 26.696
26 22 30.582
26 23 38.05
26 24 40.794
26 25 70.053
26 27 67.077
26 28 40.817
26 29 27.352
26 30 21.507
26 31 17.801
26 32 13.541
26 33 11.427
27 0 3.94
27 1 4.156
27 2 4.324
27 3 4.533
27 4 4.8
27 5 4.941
27 6 5.181
27 7 5.378
27 8 5.596
27 9 5.909
27 10 6.225
27 11 6.615
27 12 7.076
27 13 7.666
27 14 8.427
27 15 8.931
27 16 9.645
27 17 11.023
27 18 12.189
27 19 13.709
27 20 16.239
27 21 19.243
27 22 21.467
27 23 25.834
27 24 25.641
27 25 35.006
27 26 67.077
27 28 102.625
27 29 45.678
27 30 31.597
27 31 24.157
27 32 16.901
27 33 13.694
28 0 3.795
28 1 3.995
28 2 4.149
28 3 4.342
28 4 4.585
28 5 4.714
28 6 4.932
28 7 5.111
28 8 5.307
28 9 5.588
28 10 5.869
28 11 6.215
28 12 6.62
28 13 7.134
28 14 7.789
28 15 8.218
28 16 8.818
28 17 9.955
28 18 10.896
28 19 12.095
28 20 14.023
28 21 16.208
28 22 17.766
28 23 20.745
28 24 20.522
28 25 26.11
28 26 40.817
28 27 102.625
28 29 82.246
28 30 45.42
28 31 31.549
28 32 20.227
28 33 15.797
29 0 3.628
29 1 3.81
29 2 3.95
29 3 4.124
29 4 4.343
29 5 4.459
29 6 4.653
29 7 4.812
29 8 4.986
29 9 5.232
29 10 5.479
29 11 5.778
29 12 6.127
29 13 6.566
29 14 7.116
29 15 7.473
29 16 7.965
29 17 8.881
29 18 9.623
29 19 10.546
29 20 11.982
29 21 13.543
29 22 14.616
29 23 16.614
29 24 16.429
29 25 19.824
29 26 27.352
29 27 45.678
29 28 82.246
29 30 96.773
29 31 50.844
29 32 26.803
29 33 19.546
30 0 3.511
30 1 3.68
30 2 3.808
30 3 3.97
30 4 4.171
30 5 4.276
30 6 4.455
30 7 4.6
30 8 4.758
30 9 4.982
30 10 5.205
30 11 5.475
30 12 5.787
30 13 6.173
30 14 6.656
30 15 6.967
30 16 7.395
30 17 8.182
30 18 8.806
30 19 9.572
30 20 10.739
30 21 11.974
30 22 12.851
30 23 14.457
30 24 14.17
30 25 16.631
30 26 21.507
30 27 31.597
30 28 45.42
30 29 96.773
30 31 100.986
30 32 35.943
30 33 23.757
31 0 3.393
31 1 3.551
31 2 3.67
31 3 3.82
31 4 4.006
31 5 4.103
31 6 4.267
31 7 4.401
31 8 4.545
31 9 4.749
31 10 4.952
31 11 5.195
31 12 5.475
31 13 5.82
31 14 6.249
31 15 6.521
31 16 6.895
31 17 7.573
31 18 8.105
31 19 8.75
31 20 9.715
31 21 10.715
31 22 11.405
31 23 12.648
31 24 12.443
31 25 14.3
31 26 17.801
31 27 24.157
31 28 31.549
31 29 50.844
31 30 100.986
31 32 55.773
31 33 31.011
32 0 3.199
32 1 3.339
32 2 3.444
32 3 3.576
32 4 3.739
32 5 3.823
32 6 3.966
32 7 4.08
32 8 4.204
32 9 4.379
32 10 4.55
32 11 4.754
32 12 4.988
32 13 5.274
32 14 5.624
32 15 5.844
32 16 6.141
32 17 6.672
32 18 7.082
32 19 7.57
32 20 8.282
32 21 8.999
32 22 9.473
32 23 10.311
32 24 10.188
32 25 11.399
32 26 13.541
32 27 16.901
32 28 20.227
32 29 26.803
32 30 35.943
32 31 55.773
32 33 68.736
33 0 3.061
33 1 3.189
33 2 3.286
33 3 3.406
33 4 3.554
33 5 3.632
33 6 3.76
33 7 3.863
33 8 3.974
33 9 4.129
33 10 4.281
33 11 4.462
33 12 4.667
33 13 4.919
33 14 5.221
33 15 5.411
33 16 5.663
33 17 6.11
33 18 6.452
33 19 6.854
33 20 7.433
33 21 8.005
33 22 8.364
33 23 8.995
33 24 8.933
33 25 9.848
33 26 11.427
33 27 13.694
33 28 15.797
33 29 19.546
33 30 23.757
33 31 31.011
33 32 68.736
